#With inner can and radiation shild to weaken thermal coupling
0,2.866000E+02
1,2.864020E+02
2,2.862010E+02
3,2.859990E+02
4,2.857950E+02
5,2.855900E+02
6,2.853840E+02
7,2.851750E+02
8,2.849640E+02
9,2.847530E+02
10,2.845390E+02
11,2.843240E+02
12,2.841070E+02
13,2.838910E+02
14,2.836700E+02
15,2.834490E+02
16,2.832270E+02
17,2.830040E+02
18,2.827770E+02
19,2.825510E+02
20,2.823220E+02
21,2.820920E+02
22,2.818610E+02
23,2.816300E+02
24,2.813950E+02
25,2.811600E+02
26,2.809230E+02
27,2.806870E+02
28,2.804470E+02
29,2.802060E+02
30,2.799660E+02
31,2.797230E+02
32,2.794780E+02
33,2.792330E+02
34,2.789860E+02
35,2.787380E+02
36,2.784900E+02
37,2.782410E+02
38,2.779890E+02
39,2.777370E+02
40,2.774830E+02
41,2.772290E+02
42,2.769740E+02
43,2.767160E+02
44,2.764590E+02
45,2.762000E+02
46,2.759410E+02
47,2.756790E+02
48,2.754180E+02
49,2.751550E+02
50,2.748900E+02
51,2.746270E+02
52,2.743600E+02
53,2.740930E+02
54,2.738250E+02
55,2.735570E+02
56,2.732870E+02
57,2.730170E+02
58,2.727450E+02
59,2.724720E+02
60,2.722000E+02
61,2.719240E+02
62,2.716500E+02
63,2.713750E+02
64,2.710970E+02
65,2.708190E+02
66,2.705410E+02
67,2.702620E+02
68,2.699820E+02
69,2.697010E+02
70,2.694190E+02
71,2.691370E+02
72,2.688540E+02
73,2.685710E+02
74,2.682850E+02
75,2.680000E+02
76,2.677150E+02
77,2.674280E+02
78,2.671400E+02
79,2.668520E+02
80,2.665630E+02
81,2.662730E+02
82,2.659840E+02
83,2.656930E+02
84,2.654020E+02
85,2.651100E+02
86,2.648170E+02
87,2.645250E+02
88,2.642310E+02
89,2.639380E+02
90,2.636420E+02
91,2.633460E+02
92,2.630510E+02
93,2.627550E+02
94,2.624590E+02
95,2.621610E+02
96,2.618630E+02
97,2.615650E+02
98,2.612670E+02
99,2.609660E+02
100,2.606670E+02
101,2.603680E+02
102,2.600670E+02
103,2.597670E+02
104,2.594640E+02
105,2.591620E+02
106,2.588600E+02
107,2.585570E+02
108,2.582540E+02
109,2.579510E+02
110,2.576460E+02
111,2.573420E+02
112,2.570380E+02
113,2.567320E+02
114,2.564270E+02
115,2.561200E+02
116,2.558140E+02
117,2.555070E+02
118,2.552020E+02
119,2.548940E+02
120,2.545870E+02
121,2.542790E+02
122,2.539710E+02
123,2.536630E+02
124,2.533540E+02
125,2.530450E+02
126,2.527360E+02
127,2.524270E+02
128,2.521160E+02
129,2.518070E+02
130,2.514970E+02
131,2.511860E+02
132,2.508750E+02
133,2.505650E+02
134,2.502520E+02
135,2.499410E+02
136,2.496290E+02
137,2.493180E+02
138,2.490070E+02
139,2.486930E+02
140,2.483810E+02
141,2.480670E+02
142,2.477540E+02
143,2.474420E+02
144,2.471290E+02
145,2.468150E+02
146,2.465020E+02
147,2.461880E+02
148,2.458750E+02
149,2.455610E+02
150,2.452460E+02
151,2.449320E+02
152,2.446170E+02
153,2.443030E+02
154,2.439880E+02
155,2.436730E+02
156,2.433590E+02
157,2.430440E+02
158,2.427270E+02
159,2.424130E+02
160,2.420980E+02
161,2.417820E+02
162,2.414670E+02
163,2.411500E+02
164,2.408350E+02
165,2.405200E+02
166,2.402030E+02
167,2.398870E+02
168,2.395720E+02
169,2.392550E+02
170,2.389390E+02
171,2.386230E+02
172,2.383060E+02
173,2.379910E+02
174,2.376740E+02
175,2.373580E+02
176,2.370410E+02
177,2.367250E+02
178,2.364080E+02
179,2.360930E+02
180,2.357760E+02
181,2.354600E+02
182,2.351440E+02
183,2.348280E+02
184,2.345120E+02
185,2.341950E+02
186,2.338790E+02
187,2.335630E+02
188,2.332460E+02
189,2.329300E+02
190,2.326140E+02
191,2.322980E+02
192,2.319830E+02
193,2.316670E+02
194,2.313510E+02
195,2.310350E+02
196,2.307200E+02
197,2.304030E+02
198,2.300880E+02
199,2.297730E+02
200,2.294570E+02
201,2.291430E+02
202,2.288280E+02
203,2.285130E+02
204,2.281980E+02
205,2.278820E+02
206,2.275670E+02
207,2.272530E+02
208,2.269380E+02
209,2.266230E+02
210,2.263080E+02
211,2.259940E+02
212,2.256790E+02
213,2.253640E+02
214,2.250520E+02
215,2.247380E+02
216,2.244250E+02
217,2.241110E+02
218,2.237960E+02
219,2.234830E+02
220,2.231710E+02
221,2.228570E+02
222,2.225440E+02
223,2.222310E+02
224,2.219200E+02
225,2.216070E+02
226,2.212940E+02
227,2.209820E+02
228,2.206710E+02
229,2.203580E+02
230,2.200460E+02
231,2.197350E+02
232,2.194230E+02
233,2.191130E+02
234,2.188020E+02
235,2.184910E+02
236,2.181800E+02
237,2.178700E+02
238,2.175610E+02
239,2.172490E+02
240,2.169400E+02
241,2.166320E+02
242,2.163200E+02
243,2.160110E+02
244,2.157020E+02
245,2.153930E+02
246,2.150850E+02
247,2.147760E+02
248,2.144660E+02
249,2.141590E+02
250,2.138510E+02
251,2.135430E+02
252,2.132360E+02
253,2.129290E+02
254,2.126220E+02
255,2.123150E+02
256,2.120080E+02
257,2.117020E+02
258,2.113960E+02
259,2.110900E+02
260,2.107830E+02
261,2.104780E+02
262,2.101730E+02
263,2.098680E+02
264,2.095630E+02
265,2.092590E+02
266,2.089550E+02
267,2.086500E+02
268,2.083460E+02
269,2.080420E+02
270,2.077380E+02
271,2.074360E+02
272,2.071330E+02
273,2.068290E+02
274,2.065260E+02
275,2.062230E+02
276,2.059200E+02
277,2.056180E+02
278,2.053170E+02
279,2.050150E+02
280,2.047140E+02
281,2.044120E+02
282,2.041110E+02
283,2.038110E+02
284,2.035100E+02
285,2.032100E+02
286,2.029110E+02
287,2.026110E+02
288,2.023120E+02
289,2.020130E+02
290,2.017140E+02
291,2.014160E+02
292,2.011170E+02
293,2.008190E+02
294,2.005200E+02
295,2.002230E+02
296,1.999260E+02
297,1.996290E+02
298,1.993330E+02
299,1.990360E+02
300,1.987400E+02
301,1.984440E+02
302,1.981480E+02
303,1.978520E+02
304,1.975560E+02
305,1.972620E+02
306,1.969660E+02
307,1.966720E+02
308,1.963770E+02
309,1.960820E+02
310,1.957880E+02
311,1.954930E+02
312,1.951990E+02
313,1.949060E+02
314,1.946120E+02
315,1.943180E+02
316,1.940250E+02
317,1.937320E+02
318,1.934380E+02
319,1.931450E+02
320,1.928530E+02
321,1.925600E+02
322,1.922680E+02
323,1.919750E+02
324,1.916840E+02
325,1.913920E+02
326,1.911000E+02
327,1.908080E+02
328,1.905150E+02
329,1.902210E+02
330,1.899280E+02
331,1.896360E+02
332,1.893410E+02
333,1.890480E+02
334,1.887530E+02
335,1.884590E+02
336,1.881650E+02
337,1.878700E+02
338,1.875760E+02
339,1.872820E+02
340,1.869870E+02
341,1.866930E+02
342,1.863980E+02
343,1.861040E+02
344,1.858100E+02
345,1.855150E+02
346,1.852220E+02
347,1.849280E+02
348,1.846350E+02
349,1.843430E+02
350,1.840500E+02
351,1.837580E+02
352,1.834670E+02
353,1.831760E+02
354,1.828860E+02
355,1.825960E+02
356,1.823050E+02
357,1.820180E+02
358,1.817290E+02
359,1.814420E+02
360,1.811560E+02
361,1.808700E+02
362,1.805860E+02
363,1.803020E+02
364,1.800190E+02
365,1.797370E+02
366,1.794540E+02
367,1.791740E+02
368,1.788940E+02
369,1.786150E+02
370,1.783380E+02
371,1.780600E+02
372,1.777850E+02
373,1.775100E+02
374,1.772370E+02
375,1.769630E+02
376,1.766920E+02
377,1.764200E+02
378,1.761510E+02
379,1.758820E+02
380,1.756140E+02
381,1.753460E+02
382,1.750800E+02
383,1.748150E+02
384,1.745530E+02
385,1.742900E+02
386,1.740280E+02
387,1.737670E+02
388,1.735070E+02
389,1.732480E+02
390,1.729890E+02
391,1.727320E+02
392,1.724750E+02
393,1.722200E+02
394,1.719650E+02
395,1.717120E+02
396,1.714600E+02
397,1.712090E+02
398,1.709570E+02
399,1.707080E+02
400,1.704600E+02
401,1.702130E+02
402,1.699660E+02
403,1.697210E+02
404,1.694760E+02
405,1.692320E+02
406,1.689890E+02
407,1.687470E+02
408,1.685070E+02
409,1.682670E+02
410,1.680280E+02
411,1.677890E+02
412,1.675510E+02
413,1.673150E+02
414,1.670780E+02
415,1.668440E+02
416,1.666080E+02
417,1.663760E+02
418,1.661430E+02
419,1.659120E+02
420,1.656810E+02
421,1.654510E+02
422,1.652210E+02
423,1.649930E+02
424,1.647650E+02
425,1.645370E+02
426,1.643120E+02
427,1.640860E+02
428,1.638630E+02
429,1.636380E+02
430,1.634150E+02
431,1.631920E+02
432,1.629710E+02
433,1.627510E+02
434,1.625300E+02
435,1.623120E+02
436,1.620930E+02
437,1.618750E+02
438,1.616580E+02
439,1.614410E+02
440,1.612260E+02
441,1.610110E+02
442,1.607980E+02
443,1.605850E+02
444,1.603720E+02
445,1.601590E+02
446,1.599500E+02
447,1.597380E+02
448,1.595290E+02
449,1.593200E+02
450,1.591120E+02
451,1.589040E+02
452,1.586980E+02
453,1.584910E+02
454,1.582870E+02
455,1.580820E+02
456,1.578780E+02
457,1.576740E+02
458,1.574720E+02
459,1.572700E+02
460,1.570700E+02
461,1.568690E+02
462,1.566680E+02
463,1.564700E+02
464,1.562720E+02
465,1.560740E+02
466,1.558770E+02
467,1.556820E+02
468,1.554850E+02
469,1.552900E+02
470,1.550970E+02
471,1.549050E+02
472,1.547120E+02
473,1.545210E+02
474,1.543280E+02
475,1.541390E+02
476,1.539490E+02
477,1.537600E+02
478,1.535710E+02
479,1.533840E+02
480,1.531990E+02
481,1.530130E+02
482,1.528290E+02
483,1.526440E+02
484,1.524610E+02
485,1.522780E+02
486,1.520950E+02
487,1.519130E+02
488,1.517320E+02
489,1.515520E+02
490,1.513720E+02
491,1.511930E+02
492,1.510140E+02
493,1.508370E+02
494,1.506590E+02
495,1.504830E+02
496,1.503070E+02
497,1.501320E+02
498,1.499580E+02
499,1.497830E+02
500,1.496120E+02
501,1.494390E+02
502,1.492660E+02
503,1.490960E+02
504,1.489270E+02
505,1.487580E+02
506,1.485890E+02
507,1.484210E+02
508,1.482560E+02
509,1.480910E+02
510,1.479270E+02
511,1.477630E+02
512,1.476010E+02
513,1.474380E+02
514,1.472760E+02
515,1.471160E+02
516,1.469540E+02
517,1.467920E+02
518,1.466310E+02
519,1.464660E+02
520,1.463030E+02
521,1.461380E+02
522,1.459710E+02
523,1.458030E+02
524,1.456350E+02
525,1.454650E+02
526,1.452990E+02
527,1.451340E+02
528,1.449690E+02
529,1.448080E+02
530,1.446460E+02
531,1.444870E+02
532,1.443280E+02
533,1.441710E+02
534,1.440130E+02
535,1.438560E+02
536,1.437010E+02
537,1.435450E+02
538,1.433910E+02
539,1.432370E+02
540,1.430840E+02
541,1.429300E+02
542,1.427770E+02
543,1.426260E+02
544,1.424750E+02
545,1.423240E+02
546,1.421730E+02
547,1.420240E+02
548,1.418730E+02
549,1.417230E+02
550,1.415750E+02
551,1.414270E+02
552,1.412800E+02
553,1.411340E+02
554,1.409860E+02
555,1.408400E+02
556,1.406950E+02
557,1.405490E+02
558,1.404050E+02
559,1.402610E+02
560,1.401150E+02
561,1.399730E+02
562,1.398300E+02
563,1.396880E+02
564,1.395460E+02
565,1.394030E+02
566,1.392630E+02
567,1.391220E+02
568,1.389820E+02
569,1.388420E+02
570,1.387040E+02
571,1.385640E+02
572,1.384250E+02
573,1.382870E+02
574,1.381500E+02
575,1.380130E+02
576,1.378750E+02
577,1.377400E+02
578,1.376040E+02
579,1.374690E+02
580,1.373330E+02
581,1.372000E+02
582,1.370650E+02
583,1.369310E+02
584,1.367970E+02
585,1.366650E+02
586,1.365330E+02
587,1.364020E+02
588,1.362690E+02
589,1.361390E+02
590,1.360080E+02
591,1.358780E+02
592,1.357480E+02
593,1.356190E+02
594,1.354900E+02
595,1.353620E+02
596,1.352340E+02
597,1.351060E+02
598,1.349780E+02
599,1.348510E+02
600,1.347250E+02
601,1.345980E+02
602,1.344720E+02
603,1.343470E+02
604,1.342230E+02
605,1.340980E+02
606,1.339730E+02
607,1.338510E+02
608,1.337260E+02
609,1.336040E+02
610,1.334810E+02
611,1.333590E+02
612,1.332370E+02
613,1.331160E+02
614,1.329960E+02
615,1.328750E+02
616,1.327530E+02
617,1.326340E+02
618,1.325150E+02
619,1.323950E+02
620,1.322760E+02
621,1.321580E+02
622,1.320390E+02
623,1.319220E+02
624,1.318050E+02
625,1.316870E+02
626,1.315710E+02
627,1.314550E+02
628,1.313390E+02
629,1.312240E+02
630,1.311090E+02
631,1.309940E+02
632,1.308800E+02
633,1.307660E+02
634,1.306520E+02
635,1.305380E+02
636,1.304260E+02
637,1.303130E+02
638,1.302020E+02
639,1.300900E+02
640,1.299790E+02
641,1.298660E+02
642,1.297560E+02
643,1.296470E+02
644,1.295360E+02
645,1.294260E+02
646,1.293170E+02
647,1.292080E+02
648,1.291000E+02
649,1.289910E+02
650,1.288850E+02
651,1.287770E+02
652,1.286700E+02
653,1.285640E+02
654,1.284560E+02
655,1.283510E+02
656,1.282460E+02
657,1.281400E+02
658,1.280360E+02
659,1.279320E+02
660,1.278270E+02
661,1.277240E+02
662,1.276210E+02
663,1.275180E+02
664,1.274150E+02
665,1.273130E+02
666,1.272110E+02
667,1.271100E+02
668,1.270080E+02
669,1.269080E+02
670,1.268070E+02
671,1.267070E+02
672,1.266080E+02
673,1.265080E+02
674,1.264090E+02
675,1.263100E+02
676,1.262120E+02
677,1.261140E+02
678,1.260160E+02
679,1.259190E+02
680,1.258230E+02
681,1.257250E+02
682,1.256290E+02
683,1.255340E+02
684,1.254370E+02
685,1.253420E+02
686,1.252480E+02
687,1.251530E+02
688,1.250580E+02
689,1.249640E+02
690,1.248710E+02
691,1.247770E+02
692,1.246850E+02
693,1.245920E+02
694,1.245000E+02
695,1.244090E+02
696,1.243170E+02
697,1.242250E+02
698,1.241340E+02
699,1.240440E+02
700,1.239530E+02
701,1.238630E+02
702,1.237740E+02
703,1.236840E+02
704,1.235950E+02
705,1.235060E+02
706,1.234180E+02
707,1.233300E+02
708,1.232430E+02
709,1.231560E+02
710,1.230690E+02
711,1.229820E+02
712,1.228950E+02
713,1.228090E+02
714,1.227240E+02
715,1.226370E+02
716,1.225530E+02
717,1.224670E+02
718,1.223830E+02
719,1.222980E+02
720,1.222140E+02
721,1.221310E+02
722,1.220470E+02
723,1.219640E+02
724,1.218800E+02
725,1.217990E+02
726,1.217170E+02
727,1.216350E+02
728,1.215540E+02
729,1.214710E+02
730,1.213900E+02
731,1.213100E+02
732,1.212290E+02
733,1.211490E+02
734,1.210690E+02
735,1.209890E+02
736,1.209110E+02
737,1.208310E+02
738,1.207520E+02
739,1.206740E+02
740,1.205950E+02
741,1.205170E+02
742,1.204390E+02
743,1.203600E+02
744,1.202810E+02
745,1.202050E+02
746,1.201270E+02
747,1.200500E+02
748,1.199730E+02
749,1.198960E+02
750,1.198200E+02
751,1.197440E+02
752,1.196680E+02
753,1.195930E+02
754,1.195170E+02
755,1.194420E+02
756,1.193680E+02
757,1.192940E+02
758,1.192200E+02
759,1.191460E+02
760,1.190730E+02
761,1.190000E+02
762,1.189260E+02
763,1.188530E+02
764,1.187820E+02
765,1.187090E+02
766,1.186380E+02
767,1.185670E+02
768,1.184950E+02
769,1.184230E+02
770,1.183540E+02
771,1.182830E+02
772,1.182110E+02
773,1.181420E+02
774,1.180720E+02
775,1.180020E+02
776,1.179330E+02
777,1.178640E+02
778,1.177960E+02
779,1.177270E+02
780,1.176580E+02
781,1.175900E+02
782,1.175230E+02
783,1.174560E+02
784,1.173880E+02
785,1.173200E+02
786,1.172540E+02
787,1.171870E+02
788,1.171200E+02
789,1.170550E+02
790,1.169870E+02
791,1.169220E+02
792,1.168560E+02
793,1.167910E+02
794,1.167260E+02
795,1.166610E+02
796,1.165960E+02
797,1.165320E+02
798,1.164680E+02
799,1.164040E+02
800,1.163400E+02
801,1.162770E+02
802,1.162130E+02
803,1.161490E+02
804,1.160870E+02
805,1.160240E+02
806,1.159630E+02
807,1.158990E+02
808,1.158370E+02
809,1.157760E+02
810,1.157140E+02
811,1.156520E+02
812,1.155900E+02
813,1.155290E+02
814,1.154680E+02
815,1.154070E+02
816,1.153470E+02
817,1.152860E+02
818,1.152250E+02
819,1.151660E+02
820,1.151060E+02
821,1.150450E+02
822,1.149880E+02
823,1.149270E+02
824,1.148670E+02
825,1.148080E+02
826,1.147480E+02
827,1.146900E+02
828,1.146310E+02
829,1.145730E+02
830,1.145150E+02
831,1.144560E+02
832,1.143980E+02
833,1.143400E+02
834,1.142830E+02
835,1.142240E+02
836,1.141670E+02
837,1.141100E+02
838,1.140530E+02
839,1.139960E+02
840,1.139380E+02
841,1.138820E+02
842,1.138260E+02
843,1.137700E+02
844,1.137120E+02
845,1.136570E+02
846,1.136010E+02
847,1.135460E+02
848,1.134900E+02
849,1.134340E+02
850,1.133790E+02
851,1.133230E+02
852,1.132690E+02
853,1.132130E+02
854,1.131590E+02
855,1.131040E+02
856,1.130480E+02
857,1.129960E+02
858,1.129410E+02
859,1.128860E+02
860,1.128330E+02
861,1.127790E+02
862,1.127250E+02
863,1.126710E+02
864,1.126170E+02
865,1.125660E+02
866,1.125120E+02
867,1.124590E+02
868,1.124060E+02
869,1.123520E+02
870,1.122990E+02
871,1.122480E+02
872,1.121950E+02
873,1.121420E+02
874,1.120900E+02
875,1.120390E+02
876,1.119870E+02
877,1.119340E+02
878,1.118830E+02
879,1.118310E+02
880,1.117800E+02
881,1.117280E+02
882,1.116770E+02
883,1.116260E+02
884,1.115750E+02
885,1.115250E+02
886,1.114740E+02
887,1.114230E+02
888,1.113730E+02
889,1.113220E+02
890,1.112720E+02
891,1.112220E+02
892,1.111720E+02
893,1.111210E+02
894,1.110720E+02
895,1.110220E+02
896,1.109720E+02
897,1.109220E+02
898,1.108730E+02
899,1.108230E+02
900,1.107750E+02
901,1.107250E+02
902,1.106770E+02
903,1.106270E+02
904,1.105790E+02
905,1.105300E+02
906,1.104820E+02
907,1.104340E+02
908,1.103850E+02
909,1.103360E+02
910,1.102880E+02
911,1.102410E+02
912,1.101920E+02
913,1.101450E+02
914,1.100970E+02
915,1.100490E+02
916,1.100020E+02
917,1.099540E+02
918,1.099070E+02
919,1.098600E+02
920,1.098130E+02
921,1.097650E+02
922,1.097190E+02
923,1.096720E+02
924,1.096250E+02
925,1.095790E+02
926,1.095310E+02
927,1.094850E+02
928,1.094390E+02
929,1.093920E+02
930,1.093460E+02
931,1.092990E+02
932,1.092540E+02
933,1.092080E+02
934,1.091630E+02
935,1.091170E+02
936,1.090710E+02
937,1.090270E+02
938,1.089800E+02
939,1.089350E+02
940,1.088900E+02
941,1.088440E+02
942,1.087990E+02
943,1.087540E+02
944,1.087090E+02
945,1.086650E+02
946,1.086200E+02
947,1.085750E+02
948,1.085300E+02
949,1.084850E+02
950,1.084410E+02
951,1.083970E+02
952,1.083530E+02
953,1.083080E+02
954,1.082640E+02
955,1.082200E+02
956,1.081770E+02
957,1.081310E+02
958,1.080890E+02
959,1.080440E+02
960,1.080010E+02
961,1.079580E+02
962,1.079150E+02
963,1.078710E+02
964,1.078270E+02
965,1.077850E+02
966,1.077410E+02
967,1.076980E+02
968,1.076560E+02
969,1.076120E+02
970,1.075700E+02
971,1.075260E+02
972,1.074830E+02
973,1.074400E+02
974,1.073990E+02
975,1.073560E+02
976,1.073120E+02
977,1.072700E+02
978,1.072280E+02
979,1.071850E+02
980,1.071440E+02
981,1.071010E+02
982,1.070600E+02
983,1.070170E+02
984,1.069750E+02
985,1.069340E+02
986,1.068920E+02
987,1.068490E+02
988,1.068080E+02
989,1.067670E+02
990,1.067250E+02
991,1.066830E+02
992,1.066420E+02
993,1.066010E+02
994,1.065600E+02
995,1.065170E+02
996,1.064780E+02
997,1.064360E+02
998,1.063950E+02
999,1.063540E+02
1000,1.063130E+02
1001,1.062710E+02
1002,1.062310E+02
1003,1.061900E+02
1004,1.061500E+02
1005,1.061090E+02
1006,1.060690E+02
1007,1.060280E+02
1008,1.059870E+02
1009,1.059470E+02
1010,1.059060E+02
1011,1.058660E+02
1012,1.058260E+02
1013,1.057860E+02
1014,1.057470E+02
1015,1.057070E+02
1016,1.056660E+02
1017,1.056260E+02
1018,1.055870E+02
1019,1.055460E+02
1020,1.055060E+02
1021,1.054680E+02
1022,1.054280E+02
1023,1.053890E+02
1024,1.053490E+02
1025,1.053080E+02
1026,1.052690E+02
1027,1.052290E+02
1028,1.051910E+02
1029,1.051520E+02
1030,1.051130E+02
1031,1.050730E+02
1032,1.050340E+02
1033,1.049950E+02
1034,1.049560E+02
1035,1.049180E+02
1036,1.048780E+02
1037,1.048400E+02
1038,1.048010E+02
1039,1.047630E+02
1040,1.047230E+02
1041,1.046850E+02
1042,1.046460E+02
1043,1.046070E+02
1044,1.045680E+02
1045,1.045300E+02
1046,1.044920E+02
1047,1.044540E+02
1048,1.044160E+02
1049,1.043770E+02
1050,1.043380E+02
1051,1.043000E+02
1052,1.042620E+02
1053,1.042240E+02
1054,1.041850E+02
1055,1.041480E+02
1056,1.041100E+02
1057,1.040710E+02
1058,1.040340E+02
1059,1.039960E+02
1060,1.039580E+02
1061,1.039200E+02
1062,1.038830E+02
1063,1.038450E+02
1064,1.038070E+02
1065,1.037700E+02
1066,1.037320E+02
1067,1.036940E+02
1068,1.036570E+02
1069,1.036190E+02
1070,1.035810E+02
1071,1.035440E+02
1072,1.035070E+02
1073,1.034700E+02
1074,1.034320E+02
1075,1.033950E+02
1076,1.033580E+02
1077,1.033220E+02
1078,1.032850E+02
1079,1.032480E+02
1080,1.032100E+02
1081,1.031740E+02
1082,1.031370E+02
1083,1.030990E+02
1084,1.030620E+02
1085,1.030250E+02
1086,1.029890E+02
1087,1.029510E+02
1088,1.029150E+02
1089,1.028780E+02
1090,1.028420E+02
1091,1.028050E+02
1092,1.027680E+02
1093,1.027320E+02
1094,1.026960E+02
1095,1.026590E+02
1096,1.026240E+02
1097,1.025860E+02
1098,1.025500E+02
1099,1.025150E+02
1100,1.024780E+02
1101,1.024410E+02
1102,1.024050E+02
1103,1.023690E+02
1104,1.023330E+02
1105,1.022960E+02
1106,1.022610E+02
1107,1.022260E+02
1108,1.021900E+02
1109,1.021550E+02
1110,1.021190E+02
1111,1.020830E+02
1112,1.020470E+02
1113,1.020110E+02
1114,1.019760E+02
1115,1.019410E+02
1116,1.019050E+02
1117,1.018700E+02
1118,1.018340E+02
1119,1.017990E+02
1120,1.017640E+02
1121,1.017270E+02
1122,1.016930E+02
1123,1.016580E+02
1124,1.016230E+02
1125,1.015870E+02
1126,1.015520E+02
1127,1.015170E+02
1128,1.014820E+02
1129,1.014470E+02
1130,1.014130E+02
1131,1.013790E+02
1132,1.013440E+02
1133,1.013090E+02
1134,1.012740E+02
1135,1.012400E+02
1136,1.012060E+02
1137,1.011700E+02
1138,1.011370E+02
1139,1.011010E+02
1140,1.010670E+02
1141,1.010330E+02
1142,1.009980E+02
1143,1.009640E+02
1144,1.009300E+02
1145,1.008960E+02
1146,1.008620E+02
1147,1.008280E+02
1148,1.007940E+02
1149,1.007590E+02
1150,1.007250E+02
1151,1.006910E+02
1152,1.006580E+02
1153,1.006250E+02
1154,1.005900E+02
1155,1.005570E+02
1156,1.005230E+02
1157,1.004890E+02
1158,1.004560E+02
1159,1.004230E+02
1160,1.003880E+02
1161,1.003560E+02
1162,1.003230E+02
1163,1.002890E+02
1164,1.002560E+02
1165,1.002220E+02
1166,1.001880E+02
1167,1.001560E+02
1168,1.001230E+02
1169,1.000910E+02
1170,1.000560E+02
1171,1.000240E+02
1172,9.999200E+01
1173,9.995900E+01
1174,9.992600E+01
1175,9.989300E+01
1176,9.986100E+01
1177,9.982800E+01
1178,9.979500E+01
1179,9.976300E+01
1180,9.973100E+01
1181,9.969800E+01
1182,9.966600E+01
1183,9.963300E+01
1184,9.960100E+01
1185,9.957000E+01
1186,9.953600E+01
1187,9.950500E+01
1188,9.947300E+01
1189,9.944000E+01
1190,9.940800E+01
1191,9.937600E+01
1192,9.934300E+01
1193,9.931200E+01
1194,9.927900E+01
1195,9.924800E+01
1196,9.921500E+01
1197,9.918400E+01
1198,9.915100E+01
1199,9.912000E+01
1200,9.908700E+01
1201,9.905600E+01
1202,9.902400E+01
1203,9.899100E+01
1204,9.896100E+01
1205,9.893000E+01
1206,9.889800E+01
1207,9.886700E+01
1208,9.883500E+01
1209,9.880400E+01
1210,9.877200E+01
1211,9.874000E+01
1212,9.870800E+01
1213,9.867800E+01
1214,9.864500E+01
1215,9.861400E+01
1216,9.858400E+01
1217,9.855200E+01
1218,9.852100E+01
1219,9.849000E+01
1220,9.846000E+01
1221,9.842800E+01
1222,9.839700E+01
1223,9.836600E+01
1224,9.833600E+01
1225,9.830500E+01
1226,9.827300E+01
1227,9.824300E+01
1228,9.821200E+01
1229,9.818200E+01
1230,9.815100E+01
1231,9.812100E+01
1232,9.808900E+01
1233,9.806000E+01
1234,9.802900E+01
1235,9.800000E+01
1236,9.796800E+01
1237,9.793700E+01
1238,9.790800E+01
1239,9.787700E+01
1240,9.784800E+01
1241,9.781600E+01
1242,9.778700E+01
1243,9.775700E+01
1244,9.772600E+01
1245,9.769700E+01
1246,9.766700E+01
1247,9.763700E+01
1248,9.760800E+01
1249,9.757800E+01
1250,9.754700E+01
1251,9.751800E+01
1252,9.748700E+01
1253,9.745700E+01
1254,9.742700E+01
1255,9.739800E+01
1256,9.736800E+01
1257,9.733800E+01
1258,9.730800E+01
1259,9.727900E+01
1260,9.724900E+01
1261,9.722000E+01
1262,9.719000E+01
1263,9.716100E+01
1264,9.713100E+01
1265,9.710300E+01
1266,9.707300E+01
1267,9.704400E+01
1268,9.701400E+01
1269,9.698500E+01
1270,9.695500E+01
1271,9.692700E+01
1272,9.689800E+01
1273,9.686900E+01
1274,9.683900E+01
1275,9.681100E+01
1276,9.678200E+01
1277,9.675300E+01
1278,9.672400E+01
1279,9.669600E+01
1280,9.666700E+01
1281,9.663900E+01
1282,9.660800E+01
1283,9.658100E+01
1284,9.655200E+01
1285,9.652400E+01
1286,9.649600E+01
1287,9.646600E+01
1288,9.643800E+01
1289,9.641100E+01
1290,9.638200E+01
1291,9.635400E+01
1292,9.632600E+01
1293,9.629700E+01
1294,9.627000E+01
1295,9.624200E+01
1296,9.621400E+01
1297,9.618500E+01
1298,9.615700E+01
1299,9.612900E+01
1300,9.610200E+01
1301,9.607400E+01
1302,9.604700E+01
1303,9.601900E+01
1304,9.599000E+01
1305,9.596400E+01
1306,9.593500E+01
1307,9.590800E+01
1308,9.588100E+01
1309,9.585400E+01
1310,9.582700E+01
1311,9.579900E+01
1312,9.577100E+01
1313,9.574300E+01
1314,9.571700E+01
1315,9.568900E+01
1316,9.566300E+01
1317,9.563600E+01
1318,9.560900E+01
1319,9.558200E+01
1320,9.555600E+01
1321,9.552800E+01
1322,9.550200E+01
1323,9.547600E+01
1324,9.544800E+01
1325,9.542200E+01
1326,9.539400E+01
1327,9.536900E+01
1328,9.534100E+01
1329,9.531500E+01
1330,9.528800E+01
1331,9.526200E+01
1332,9.523600E+01
1333,9.520800E+01
1334,9.518200E+01
1335,9.515800E+01
1336,9.513000E+01
1337,9.510400E+01
1338,9.507800E+01
1339,9.505200E+01
1340,9.502600E+01
1341,9.499900E+01
1342,9.497400E+01
1343,9.494900E+01
1344,9.492300E+01
1345,9.489600E+01
1346,9.487000E+01
1347,9.484400E+01
1348,9.481800E+01
1349,9.479200E+01
1350,9.476500E+01
1351,9.474000E+01
1352,9.471600E+01
1353,9.469000E+01
1354,9.466400E+01
1355,9.463800E+01
1356,9.461200E+01
1357,9.458800E+01
1358,9.456200E+01
1359,9.453600E+01
1360,9.451100E+01
1361,9.448500E+01
1362,9.446000E+01
1363,9.443500E+01
1364,9.441000E+01
1365,9.438500E+01
1366,9.435900E+01
1367,9.433400E+01
1368,9.430900E+01
1369,9.428400E+01
1370,9.425900E+01
1371,9.423400E+01
1372,9.420900E+01
1373,9.418600E+01
1374,9.416000E+01
1375,9.413500E+01
1376,9.411000E+01
1377,9.408600E+01
1378,9.406100E+01
1379,9.403600E+01
1380,9.401100E+01
1381,9.398700E+01
1382,9.396300E+01
1383,9.393700E+01
1384,9.391300E+01
1385,9.388900E+01
1386,9.386400E+01
1387,9.384000E+01
1388,9.381500E+01
1389,9.379100E+01
1390,9.376700E+01
1391,9.374400E+01
1392,9.371900E+01
1393,9.369600E+01
1394,9.367100E+01
1395,9.364700E+01
1396,9.362200E+01
1397,9.359900E+01
1398,9.357500E+01
1399,9.355100E+01
1400,9.352700E+01
1401,9.350400E+01
1402,9.348000E+01
1403,9.345600E+01
1404,9.343300E+01
1405,9.340900E+01
1406,9.338500E+01
1407,9.336200E+01
1408,9.333800E+01
1409,9.331500E+01
1410,9.329200E+01
1411,9.326900E+01
1412,9.324500E+01
1413,9.322100E+01
1414,9.319900E+01
1415,9.317500E+01
1416,9.315200E+01
1417,9.312800E+01
1418,9.309900E+01
1419,9.307600E+01
1420,9.305300E+01
1421,9.302900E+01
1422,9.299800E+01
1423,9.297500E+01
1424,9.295200E+01
1425,9.292800E+01
1426,9.290400E+01
1427,9.288100E+01
1428,9.285700E+01
1429,9.283400E+01
1430,9.281100E+01
1431,9.278800E+01
1432,9.276500E+01
1433,9.274000E+01
1434,9.271800E+01
1435,9.269400E+01
1436,9.267100E+01
1437,9.264900E+01
1438,9.262500E+01
1439,9.260300E+01
1440,9.258000E+01
1441,9.255700E+01
1442,9.253400E+01
1443,9.251000E+01
1444,9.248800E+01
1445,9.246500E+01
1446,9.244400E+01
1447,9.242000E+01
1448,9.239700E+01
1449,9.237500E+01
1450,9.235100E+01
1451,9.233000E+01
1452,9.230600E+01
1453,9.228400E+01
1454,9.226200E+01
1455,9.223900E+01
1456,9.221700E+01
1457,9.219500E+01
1458,9.217200E+01
1459,9.215000E+01
1460,9.212700E+01
1461,9.210500E+01
1462,9.208200E+01
1463,9.206100E+01
1464,9.203800E+01
1465,9.201600E+01
1466,9.199500E+01
1467,9.197300E+01
1468,9.195100E+01
1469,9.192900E+01
1470,9.190600E+01
1471,9.188600E+01
1472,9.186400E+01
1473,9.184100E+01
1474,9.182000E+01
1475,9.179800E+01
1476,9.177600E+01
1477,9.175500E+01
1478,9.173300E+01
1479,9.171200E+01
1480,9.169100E+01
1481,9.166800E+01
1482,9.164800E+01
1483,9.162600E+01
1484,9.160500E+01
1485,9.158400E+01
1486,9.156400E+01
1487,9.154200E+01
1488,9.152000E+01
1489,9.150000E+01
1490,9.147800E+01
1491,9.145700E+01
1492,9.143700E+01
1493,9.141600E+01
1494,9.139400E+01
1495,9.137400E+01
1496,9.135300E+01
1497,9.133300E+01
1498,9.131100E+01
1499,9.129000E+01
1500,9.127000E+01
1501,9.124900E+01
1502,9.122800E+01
1503,9.120800E+01
1504,9.118700E+01
1505,9.116600E+01
1506,9.114700E+01
1507,9.112600E+01
1508,9.110600E+01
1509,9.108500E+01
1510,9.106600E+01
1511,9.104500E+01
1512,9.102500E+01
1513,9.100400E+01
1514,9.098400E+01
1515,9.096500E+01
1516,9.094400E+01
1517,9.092500E+01
1518,9.090500E+01
1519,9.088500E+01
1520,9.086400E+01
1521,9.084400E+01
1522,9.082500E+01
1523,9.080400E+01
1524,9.078400E+01
1525,9.076500E+01
1526,9.074500E+01
1527,9.072600E+01
1528,9.070700E+01
1529,9.068100E+01
1530,9.066200E+01
1531,9.064300E+01
1532,9.062400E+01
1533,9.060400E+01
1534,9.058500E+01
1535,9.056600E+01
1536,9.054600E+01
1537,9.052600E+01
1538,9.050700E+01
1539,9.048800E+01
1540,9.046900E+01
1541,9.045000E+01
1542,9.043100E+01
1543,9.041200E+01
1544,9.039300E+01
1545,9.037400E+01
1546,9.035400E+01
1547,9.033600E+01
1548,9.031700E+01
1549,9.029800E+01
1550,9.027900E+01
1551,9.026100E+01
1552,9.024100E+01
1553,9.022300E+01
1554,9.020500E+01
1555,9.018600E+01
1556,9.016700E+01
1557,9.014800E+01
1558,9.013100E+01
1559,9.011100E+01
1560,9.009200E+01
1561,9.007300E+01
1562,9.005600E+01
1563,9.003800E+01
1564,9.001900E+01
1565,9.000100E+01
1566,8.998200E+01
1567,8.996400E+01
1568,8.994500E+01
1569,8.992700E+01
1570,8.991000E+01
1571,8.989100E+01
1572,8.987300E+01
1573,8.985400E+01
1574,8.983800E+01
1575,8.981900E+01
1576,8.980100E+01
1577,8.978400E+01
1578,8.976500E+01
1579,8.974700E+01
1580,8.972900E+01
1581,8.971200E+01
1582,8.969300E+01
1583,8.967600E+01
1584,8.965800E+01
1585,8.964100E+01
1586,8.962200E+01
1587,8.960500E+01
1588,8.958800E+01
1589,8.957000E+01
1590,8.955200E+01
1591,8.953400E+01
1592,8.951700E+01
1593,8.950000E+01
1594,8.948200E+01
1595,8.946400E+01
1596,8.944700E+01
1597,8.943000E+01
1598,8.941300E+01
1599,8.939500E+01
1600,8.937600E+01
1601,8.936000E+01
1602,8.934300E+01
1603,8.932600E+01
1604,8.930900E+01
1605,8.929200E+01
1606,8.927400E+01
1607,8.925700E+01
1608,8.923900E+01
1609,8.922200E+01
1610,8.920500E+01
1611,8.918800E+01
1612,8.917100E+01
1613,8.915300E+01
1614,8.913700E+01
1615,8.912100E+01
1616,8.910400E+01
1617,8.908700E+01
1618,8.906900E+01
1619,8.905200E+01
1620,8.903700E+01
1621,8.902000E+01
1622,8.900200E+01
1623,8.898600E+01
1624,8.896900E+01
1625,8.895300E+01
1626,8.893600E+01
1627,8.892000E+01
1628,8.890100E+01
1629,8.888500E+01
1630,8.886800E+01
1631,8.885300E+01
1632,8.883600E+01
1633,8.882000E+01
1634,8.880300E+01
1635,8.878600E+01
1636,8.877000E+01
1637,8.875400E+01
1638,8.873700E+01
1639,8.872000E+01
1640,8.870400E+01
1641,8.868700E+01
1642,8.867200E+01
1643,8.865600E+01
1644,8.864000E+01
1645,8.862300E+01
1646,8.860700E+01
1647,8.859000E+01
1648,8.857400E+01
1649,8.855800E+01
1650,8.854100E+01
1651,8.852600E+01
1652,8.851000E+01
1653,8.849400E+01
1654,8.847700E+01
1655,8.846200E+01
1656,8.844600E+01
1657,8.843000E+01
1658,8.841500E+01
1659,8.839800E+01
1660,8.838200E+01
1661,8.836700E+01
1662,8.834900E+01
1663,8.833500E+01
1664,8.831900E+01
1665,8.830300E+01
1666,8.828700E+01
1667,8.827100E+01
1668,8.825600E+01
1669,8.824100E+01
1670,8.822400E+01
1671,8.820900E+01
1672,8.819400E+01
1673,8.817800E+01
1674,8.816300E+01
1675,8.814700E+01
1676,8.813100E+01
1677,8.811500E+01
1678,8.810100E+01
1679,8.808500E+01
1680,8.807000E+01
1681,8.805500E+01
1682,8.803900E+01
1683,8.802400E+01
1684,8.800900E+01
1685,8.799200E+01
1686,8.797800E+01
1687,8.796400E+01
1688,8.794800E+01
1689,8.793200E+01
1690,8.791800E+01
1691,8.790200E+01
1692,8.788800E+01
1693,8.787200E+01
1694,8.785800E+01
1695,8.784200E+01
1696,8.782700E+01
1697,8.781200E+01
1698,8.779700E+01
1699,8.778300E+01
1700,8.776800E+01
1701,8.775300E+01
1702,8.773800E+01
1703,8.772400E+01
1704,8.770900E+01
1705,8.769500E+01
1706,8.767900E+01
1707,8.766500E+01
1708,8.765100E+01
1709,8.763500E+01
1710,8.762100E+01
1711,8.760600E+01
1712,8.759100E+01
1713,8.757600E+01
1714,8.756200E+01
1715,8.754700E+01
1716,8.753400E+01
1717,8.751900E+01
1718,8.750500E+01
1719,8.749000E+01
1720,8.747600E+01
1721,8.746200E+01
1722,8.744600E+01
1723,8.743200E+01
1724,8.741800E+01
1725,8.740400E+01
1726,8.739000E+01
1727,8.737500E+01
1728,8.736100E+01
1729,8.734700E+01
1730,8.733200E+01
1731,8.731800E+01
1732,8.730400E+01
1733,8.729000E+01
1734,8.727600E+01
1735,8.726100E+01
1736,8.724800E+01
1737,8.723400E+01
1738,8.722000E+01
1739,8.720600E+01
1740,8.719200E+01
1741,8.717800E+01
1742,8.716400E+01
1743,8.714900E+01
1744,8.713700E+01
1745,8.712200E+01
1746,8.710800E+01
1747,8.709400E+01
1748,8.708100E+01
1749,8.706700E+01
1750,8.705300E+01
1751,8.704100E+01
1752,8.702600E+01
1753,8.701300E+01
1754,8.699900E+01
1755,8.698400E+01
1756,8.697100E+01
1757,8.695700E+01
1758,8.694400E+01
1759,8.693100E+01
1760,8.691700E+01
1761,8.690300E+01
1762,8.689000E+01
1763,8.687800E+01
1764,8.686300E+01
1765,8.685000E+01
1766,8.683600E+01
1767,8.682200E+01
1768,8.681000E+01
1769,8.679600E+01
1770,8.678400E+01
1771,8.677000E+01
1772,8.675700E+01
1773,8.674300E+01
1774,8.673000E+01
1775,8.671700E+01
1776,8.670300E+01
1777,8.669000E+01
1778,8.667700E+01
1779,8.666500E+01
1780,8.665100E+01
1781,8.663800E+01
1782,8.662500E+01
1783,8.661300E+01
1784,8.660000E+01
1785,8.658500E+01
1786,8.657400E+01
1787,8.656100E+01
1788,8.654900E+01
1789,8.653500E+01
1790,8.652200E+01
1791,8.650900E+01
1792,8.649600E+01
1793,8.648300E+01
1794,8.647100E+01
1795,8.645900E+01
1796,8.644600E+01
1797,8.643300E+01
1798,8.642000E+01
1799,8.640800E+01
1800,8.639500E+01
1801,8.638200E+01
1802,8.637000E+01
1803,8.635700E+01
1804,8.634500E+01
1805,8.633200E+01
1806,8.632000E+01
1807,8.630700E+01
1808,8.629600E+01
1809,8.628300E+01
1810,8.627100E+01
1811,8.625800E+01
1812,8.624600E+01
1813,8.623500E+01
1814,8.622200E+01
1815,8.620900E+01
1816,8.619700E+01
1817,8.618500E+01
1818,8.617300E+01
1819,8.616000E+01
1820,8.614800E+01
1821,8.613600E+01
1822,8.612400E+01
1823,8.611100E+01
1824,8.609900E+01
1825,8.608800E+01
1826,8.607600E+01
1827,8.606400E+01
1828,8.605200E+01
1829,8.603900E+01
1830,8.602800E+01
1831,8.601600E+01
1832,8.600500E+01
1833,8.599200E+01
1834,8.598100E+01
1835,8.596700E+01
1836,8.595600E+01
1837,8.594500E+01
1838,8.593300E+01
1839,8.592200E+01
1840,8.591000E+01
1841,8.589800E+01
1842,8.588700E+01
1843,8.587500E+01
1844,8.586300E+01
1845,8.585200E+01
1846,8.583900E+01
1847,8.582800E+01
1848,8.581700E+01
1849,8.580600E+01
1850,8.579400E+01
1851,8.578300E+01
1852,8.577200E+01
1853,8.575900E+01
1854,8.574800E+01
1855,8.573600E+01
1856,8.572700E+01
1857,8.571500E+01
1858,8.570300E+01
1859,8.569200E+01
1860,8.568000E+01
1861,8.567000E+01
1862,8.565900E+01
1863,8.564800E+01
1864,8.563500E+01
1865,8.562400E+01
1866,8.561300E+01
1867,8.560100E+01
1868,8.559100E+01
1869,8.558000E+01
1870,8.556900E+01
1871,8.555800E+01
1872,8.554800E+01
1873,8.553600E+01
1874,8.552500E+01
1875,8.551400E+01
1876,8.550300E+01
1877,8.549200E+01
1878,8.548100E+01
1879,8.546900E+01
1880,8.545900E+01
1881,8.545000E+01
1882,8.543800E+01
1883,8.542700E+01
1884,8.541600E+01
1885,8.540500E+01
1886,8.539500E+01
1887,8.538400E+01
1888,8.537400E+01
1889,8.536300E+01
1890,8.535200E+01
1891,8.534000E+01
1892,8.533000E+01
1893,8.532000E+01
1894,8.531000E+01
1895,8.529900E+01
1896,8.528800E+01
1897,8.527700E+01
1898,8.526700E+01
1899,8.525600E+01
1900,8.524600E+01
1901,8.523600E+01
1902,8.522600E+01
1903,8.521500E+01
1904,8.520500E+01
1905,8.519500E+01
1906,8.518300E+01
1907,8.517400E+01
1908,8.516300E+01
1909,8.515300E+01
1910,8.514300E+01
1911,8.513100E+01
1912,8.512200E+01
1913,8.511100E+01
1914,8.510200E+01
1915,8.509100E+01
1916,8.508100E+01
1917,8.507100E+01
1918,8.506000E+01
1919,8.505000E+01
1920,8.504000E+01
1921,8.503000E+01
1922,8.502100E+01
1923,8.501000E+01
1924,8.500000E+01
1925,8.499000E+01
1926,8.498100E+01
1927,8.497000E+01
1928,8.496000E+01
1929,8.495000E+01
1930,8.493900E+01
1931,8.493000E+01
1932,8.492000E+01
1933,8.491000E+01
1934,8.490100E+01
1935,8.489100E+01
1936,8.488100E+01
1937,8.487100E+01
1938,8.486000E+01
1939,8.485100E+01
1940,8.484100E+01
1941,8.483200E+01
1942,8.482200E+01
1943,8.481200E+01
1944,8.480200E+01
1945,8.479300E+01
1946,8.478200E+01
1947,8.477200E+01
1948,8.476400E+01
1949,8.475400E+01
1950,8.474400E+01
1951,8.473400E+01
1952,8.472500E+01
1953,8.471400E+01
1954,8.470600E+01
1955,8.469500E+01
1956,8.468700E+01
1957,8.467700E+01
1958,8.466700E+01
1959,8.465800E+01
1960,8.464800E+01
1961,8.463900E+01
1962,8.462800E+01
1963,8.462000E+01
1964,8.461000E+01
1965,8.460100E+01
1966,8.459100E+01
1967,8.458200E+01
1968,8.457200E+01
1969,8.456300E+01
1970,8.455400E+01
1971,8.454400E+01
1972,8.453500E+01
1973,8.452500E+01
1974,8.451700E+01
1975,8.450700E+01
1976,8.449700E+01
1977,8.448900E+01
1978,8.448000E+01
1979,8.447000E+01
1980,8.446100E+01
1981,8.445100E+01
1982,8.444300E+01
1983,8.443300E+01
1984,8.442400E+01
1985,8.441500E+01
1986,8.440500E+01
1987,8.439600E+01
1988,8.438600E+01
1989,8.437800E+01
1990,8.436800E+01
1991,8.436000E+01
1992,8.435100E+01
1993,8.434200E+01
1994,8.433300E+01
1995,8.432400E+01
1996,8.431500E+01
1997,8.430600E+01
1998,8.429700E+01
1999,8.428900E+01
2000,8.427900E+01
2001,8.427100E+01
2002,8.426000E+01
2003,8.425200E+01
2004,8.424400E+01
2005,8.423500E+01
2006,8.422500E+01
2007,8.421700E+01
2008,8.420900E+01
2009,8.419900E+01
2010,8.419100E+01
2011,8.418100E+01
2012,8.417400E+01
2013,8.416500E+01
2014,8.415700E+01
2015,8.414700E+01
2016,8.413800E+01
2017,8.413000E+01
2018,8.412200E+01
2019,8.411200E+01
2020,8.410400E+01
2021,8.409500E+01
2022,8.408600E+01
2023,8.407900E+01
2024,8.406900E+01
2025,8.406100E+01
2026,8.405300E+01
2027,8.404400E+01
2028,8.403500E+01
2029,8.402600E+01
2030,8.401800E+01
2031,8.400900E+01
2032,8.400100E+01
2033,8.399300E+01
2034,8.398500E+01
2035,8.397500E+01
2036,8.396700E+01
2037,8.396000E+01
2038,8.395000E+01
2039,8.394200E+01
2040,8.393300E+01
2041,8.392600E+01
2042,8.391700E+01
2043,8.390900E+01
2044,8.390000E+01
2045,8.389200E+01
2046,8.388400E+01
2047,8.387500E+01
2048,8.386800E+01
2049,8.385900E+01
2050,8.385100E+01
2051,8.384200E+01
2052,8.383400E+01
2053,8.382500E+01
2054,8.381800E+01
2055,8.381000E+01
2056,8.380100E+01
2057,8.379400E+01
2058,8.378500E+01
2059,8.377700E+01
2060,8.376800E+01
2061,8.376100E+01
2062,8.375300E+01
2063,8.374400E+01
2064,8.373600E+01
2065,8.372800E+01
2066,8.372000E+01
2067,8.371200E+01
2068,8.370400E+01
2069,8.369600E+01
2070,8.368900E+01
2071,8.368000E+01
2072,8.367300E+01
2073,8.366500E+01
2074,8.365600E+01
2075,8.364800E+01
2076,8.364000E+01
2077,8.363300E+01
2078,8.362500E+01
2079,8.361700E+01
2080,8.361000E+01
2081,8.360200E+01
2082,8.359300E+01
2083,8.358600E+01
2084,8.357900E+01
2085,8.357100E+01
2086,8.356200E+01
2087,8.355500E+01
2088,8.354700E+01
2089,8.353900E+01
2090,8.353100E+01
2091,8.352400E+01
2092,8.351600E+01
2093,8.350800E+01
2094,8.350200E+01
2095,8.349300E+01
2096,8.348500E+01
2097,8.347800E+01
2098,8.347000E+01
2099,8.346300E+01
2100,8.345600E+01
2101,8.344700E+01
2102,8.344100E+01
2103,8.343200E+01
2104,8.342500E+01
2105,8.341700E+01
2106,8.340900E+01
2107,8.340200E+01
2108,8.339500E+01
2109,8.338700E+01
2110,8.338000E+01
2111,8.337300E+01
2112,8.336500E+01
2113,8.335700E+01
2114,8.334900E+01
2115,8.334200E+01
2116,8.333400E+01
2117,8.332700E+01
2118,8.331900E+01
2119,8.331300E+01
2120,8.330600E+01
2121,8.329700E+01
2122,8.329100E+01
2123,8.328300E+01
2124,8.327600E+01
2125,8.326800E+01
2126,8.326100E+01
2127,8.325400E+01
2128,8.324500E+01
2129,8.324000E+01
2130,8.323300E+01
2131,8.322600E+01
2132,8.321800E+01
2133,8.321000E+01
2134,8.320400E+01
2135,8.319700E+01
2136,8.318900E+01
2137,8.318200E+01
2138,8.317400E+01
2139,8.316800E+01
2140,8.316100E+01
2141,8.315400E+01
2142,8.314700E+01
2143,8.313900E+01
2144,8.313200E+01
2145,8.312600E+01
2146,8.311800E+01
2147,8.311200E+01
2148,8.310500E+01
2149,8.309800E+01
2150,8.309100E+01
2151,8.308300E+01
2152,8.307700E+01
2153,8.307000E+01
2154,8.306300E+01
2155,8.305600E+01
2156,8.304900E+01
2157,8.304200E+01
2158,8.303500E+01
2159,8.302700E+01
2160,8.302200E+01
2161,8.301500E+01
2162,8.300800E+01
2163,8.300100E+01
2164,8.299400E+01
2165,8.298800E+01
2166,8.298000E+01
2167,8.297400E+01
2168,8.296800E+01
2169,8.296000E+01
2170,8.295500E+01
2171,8.294800E+01
2172,8.294000E+01
2173,8.293400E+01
2174,8.292700E+01
2175,8.292000E+01
2176,8.291400E+01
2177,8.290700E+01
2178,8.290100E+01
2179,8.289400E+01
2180,8.288700E+01
2181,8.288200E+01
2182,8.287400E+01
2183,8.286700E+01
2184,8.286100E+01
2185,8.285500E+01
2186,8.284800E+01
2187,8.284100E+01
2188,8.283600E+01
2189,8.282800E+01
2190,8.282200E+01
2191,8.281600E+01
2192,8.280900E+01
2193,8.280300E+01
2194,8.279700E+01
2195,8.279000E+01
2196,8.278400E+01
2197,8.277700E+01
2198,8.277000E+01
2199,8.276400E+01
2200,8.275700E+01
2201,8.275200E+01
2202,8.274500E+01
2203,8.273900E+01
2204,8.273300E+01
2205,8.272700E+01
2206,8.272000E+01
2207,8.271400E+01
2208,8.270800E+01
2209,8.270100E+01
2210,8.269500E+01
2211,8.269000E+01
2212,8.268300E+01
2213,8.267700E+01
2214,8.267100E+01
2215,8.266400E+01
2216,8.265800E+01
2217,8.265100E+01
2218,8.264600E+01
2219,8.263900E+01
2220,8.263300E+01
2221,8.262700E+01
2222,8.262100E+01
2223,8.261400E+01
2224,8.260900E+01
2225,8.260300E+01
2226,8.259700E+01
2227,8.259100E+01
2228,8.258400E+01
2229,8.257800E+01
2230,8.257200E+01
2231,8.256700E+01
2232,8.256100E+01
2233,8.255500E+01
2234,8.254900E+01
2235,8.254100E+01
2236,8.253600E+01
2237,8.253000E+01
2238,8.252400E+01
2239,8.251900E+01
2240,8.251400E+01
2241,8.250600E+01
2242,8.250100E+01
2243,8.249500E+01
2244,8.248900E+01
2245,8.248300E+01
2246,8.247700E+01
2247,8.247200E+01
2248,8.246600E+01
2249,8.246000E+01
2250,8.245300E+01
2251,8.244800E+01
2252,8.244300E+01
2253,8.243700E+01
2254,8.242900E+01
2255,8.242400E+01
2256,8.241700E+01
2257,8.241200E+01
2258,8.240600E+01
2259,8.240100E+01
2260,8.239500E+01
2261,8.239000E+01
2262,8.238400E+01
2263,8.237700E+01
2264,8.237300E+01
2265,8.236700E+01
2266,8.236100E+01
2267,8.235600E+01
2268,8.235000E+01
2269,8.234400E+01
2270,8.233900E+01
2271,8.233300E+01
2272,8.232700E+01
2273,8.232200E+01
2274,8.231600E+01
2275,8.231000E+01
2276,8.230600E+01
2277,8.230000E+01
2278,8.229500E+01
2279,8.228900E+01
2280,8.228300E+01
2281,8.227800E+01
2282,8.227300E+01
2283,8.226700E+01
2284,8.226000E+01
2285,8.225500E+01
2286,8.225000E+01
2287,8.224400E+01
2288,8.223900E+01
2289,8.223400E+01
2290,8.222800E+01
2291,8.222300E+01
2292,8.221800E+01
2293,8.221200E+01
2294,8.220700E+01
2295,8.220200E+01
2296,8.219600E+01
2297,8.219000E+01
2298,8.218600E+01
2299,8.218000E+01
2300,8.217500E+01
2301,8.216900E+01
2302,8.216300E+01
2303,8.215800E+01
2304,8.215200E+01
2305,8.214800E+01
2306,8.214300E+01
2307,8.213700E+01
2308,8.213200E+01
2309,8.212700E+01
2310,8.212300E+01
2311,8.211700E+01
2312,8.211200E+01
2313,8.210600E+01
2314,8.210100E+01
2315,8.209600E+01
2316,8.209100E+01
2317,8.208500E+01
2318,8.208000E+01
2319,8.207600E+01
2320,8.207000E+01
2321,8.206500E+01
2322,8.206100E+01
2323,8.205600E+01
2324,8.205000E+01
2325,8.204400E+01
2326,8.204000E+01
2327,8.203400E+01
2328,8.202900E+01
2329,8.202400E+01
2330,8.201800E+01
2331,8.201400E+01
2332,8.200900E+01
2333,8.200400E+01
2334,8.199900E+01
2335,8.199400E+01
2336,8.198900E+01
2337,8.198400E+01
2338,8.197900E+01
2339,8.197300E+01
2340,8.196800E+01
2341,8.196500E+01
2342,8.195900E+01
2343,8.195400E+01
2344,8.194900E+01
2345,8.194400E+01
2346,8.193900E+01
2347,8.193400E+01
2348,8.192900E+01
2349,8.192400E+01
2350,8.191900E+01
2351,8.191500E+01
2352,8.190900E+01
2353,8.190500E+01
2354,8.190000E+01
2355,8.189500E+01
2356,8.189000E+01
2357,8.188600E+01
2358,8.188000E+01
2359,8.187600E+01
2360,8.187100E+01
2361,8.186600E+01
2362,8.186200E+01
2363,8.185700E+01
2364,8.185200E+01
2365,8.184700E+01
2366,8.184200E+01
2367,8.183800E+01
2368,8.183300E+01
2369,8.182800E+01
2370,8.182300E+01
2371,8.181800E+01
2372,8.181400E+01
2373,8.180900E+01
2374,8.180500E+01
2375,8.179900E+01
2376,8.179500E+01
2377,8.179000E+01
2378,8.178500E+01
2379,8.178100E+01
2380,8.177600E+01
2381,8.177000E+01
2382,8.176600E+01
2383,8.176200E+01
2384,8.175700E+01
2385,8.175200E+01
2386,8.174800E+01
2387,8.174400E+01
2388,8.173900E+01
2389,8.173400E+01
2390,8.173000E+01
2391,8.172500E+01
2392,8.172000E+01
2393,8.171600E+01
2394,8.171100E+01
2395,8.170700E+01
2396,8.170200E+01
2397,8.169700E+01
2398,8.169300E+01
2399,8.168900E+01
2400,8.168400E+01
2401,8.168000E+01
2402,8.167500E+01
2403,8.167000E+01
2404,8.166500E+01
2405,8.166200E+01
2406,8.165700E+01
2407,8.165300E+01
2408,8.164700E+01
2409,8.164300E+01
2410,8.163800E+01
2411,8.163400E+01
2412,8.163000E+01
2413,8.162500E+01
2414,8.162000E+01
2415,8.161600E+01
2416,8.161200E+01
2417,8.160700E+01
2418,8.160300E+01
2419,8.159800E+01
2420,8.159500E+01
2421,8.158900E+01
2422,8.158600E+01
2423,8.158100E+01
2424,8.157700E+01
2425,8.157200E+01
2426,8.156800E+01
2427,8.156400E+01
2428,8.155900E+01
2429,8.155500E+01
2430,8.155100E+01
2431,8.154700E+01
2432,8.154200E+01
2433,8.153800E+01
2434,8.153300E+01
2435,8.152900E+01
2436,8.152400E+01
2437,8.151900E+01
2438,8.151600E+01
2439,8.151100E+01
2440,8.150700E+01
2441,8.150300E+01
2442,8.150000E+01
2443,8.149500E+01
2444,8.149100E+01
2445,8.148600E+01
2446,8.148200E+01
2447,8.147700E+01
2448,8.147300E+01
2449,8.146900E+01
2450,8.146400E+01
2451,8.146000E+01
2452,8.145600E+01
2453,8.145300E+01
2454,8.144800E+01
2455,8.144400E+01
2456,8.144000E+01
2457,8.143600E+01
2458,8.143100E+01
2459,8.142700E+01
2460,8.142200E+01
2461,8.141900E+01
2462,8.141400E+01
2463,8.141000E+01
2464,8.140700E+01
2465,8.140200E+01
2466,8.139700E+01
2467,8.139400E+01
2468,8.139000E+01
2469,8.138600E+01
2470,8.138100E+01
2471,8.137600E+01
2472,8.137400E+01
2473,8.136900E+01
2474,8.136500E+01
2475,8.136100E+01
2476,8.135700E+01
2477,8.135200E+01
2478,8.134900E+01
2479,8.134500E+01
2480,8.134100E+01
2481,8.133600E+01
2482,8.133200E+01
2483,8.132800E+01
2484,8.132300E+01
2485,8.132100E+01
2486,8.131600E+01
2487,8.131200E+01
2488,8.130800E+01
2489,8.130400E+01
2490,8.130000E+01
2491,8.129600E+01
2492,8.129200E+01
2493,8.128800E+01
2494,8.128500E+01
2495,8.128000E+01
2496,8.127600E+01
2497,8.127300E+01
2498,8.126800E+01
2499,8.126500E+01
2500,8.126100E+01
2501,8.125700E+01
2502,8.125200E+01
2503,8.124800E+01
2504,8.124400E+01
2505,8.124100E+01
2506,8.123700E+01
2507,8.123200E+01
2508,8.122800E+01
2509,8.122500E+01
2510,8.122100E+01
2511,8.121700E+01
2512,8.121300E+01
2513,8.121000E+01
2514,8.120500E+01
2515,8.120100E+01
2516,8.119800E+01
2517,8.119300E+01
2518,8.119000E+01
2519,8.118600E+01
2520,8.118200E+01
2521,8.117800E+01
2522,8.117400E+01
2523,8.117100E+01
2524,8.116700E+01
2525,8.116300E+01
2526,8.115900E+01
2527,8.115400E+01
2528,8.115200E+01
2529,8.114700E+01
2530,8.114400E+01
2531,8.113900E+01
2532,8.113500E+01
2533,8.113200E+01
2534,8.112800E+01
2535,8.112400E+01
2536,8.112100E+01
2537,8.111600E+01
2538,8.111400E+01
2539,8.110900E+01
2540,8.110600E+01
2541,8.110200E+01
2542,8.109800E+01
2543,8.109400E+01
2544,8.109000E+01
2545,8.108700E+01
2546,8.108200E+01
2547,8.107900E+01
2548,8.107600E+01
2549,8.107100E+01
2550,8.106700E+01
2551,8.106400E+01
2552,8.106100E+01
2553,8.105700E+01
2554,8.105200E+01
2555,8.104900E+01
2556,8.104600E+01
2557,8.104200E+01
2558,8.103800E+01
2559,8.103400E+01
2560,8.103100E+01
2561,8.102600E+01
2562,8.102300E+01
2563,8.102000E+01
2564,8.101600E+01
2565,8.101200E+01
2566,8.100700E+01
2567,8.100500E+01
2568,8.100000E+01
2569,8.099600E+01
2570,8.099400E+01
2571,8.099000E+01
2572,8.098700E+01
2573,8.098300E+01
2574,8.097900E+01
2575,8.097500E+01
2576,8.097100E+01
2577,8.096700E+01
2578,8.096300E+01
2579,8.096000E+01
2580,8.095600E+01
2581,8.095400E+01
2582,8.095000E+01
2583,8.094600E+01
2584,8.094300E+01
2585,8.093900E+01
2586,8.093500E+01
2587,8.093100E+01
2588,8.092800E+01
2589,8.092500E+01
2590,8.092100E+01
2591,8.091700E+01
2592,8.091300E+01
2593,8.091000E+01
2594,8.090600E+01
2595,8.090200E+01
2596,8.089900E+01
2597,8.089600E+01
2598,8.089200E+01
2599,8.088800E+01
2600,8.088500E+01
2601,8.088100E+01
2602,8.087800E+01
2603,8.087500E+01
2604,8.087100E+01
2605,8.086700E+01
2606,8.086300E+01
2607,8.086000E+01
2608,8.085600E+01
2609,8.085200E+01
2610,8.084900E+01
2611,8.084500E+01
2612,8.084200E+01
2613,8.083800E+01
2614,8.083500E+01
2615,8.083200E+01
2616,8.082800E+01
2617,8.082500E+01
2618,8.082100E+01
2619,8.081700E+01
2620,8.081500E+01
2621,8.081000E+01
2622,8.080700E+01
2623,8.080400E+01
2624,8.080100E+01
2625,8.079700E+01
2626,8.079300E+01
2627,8.079000E+01
2628,8.078700E+01
2629,8.078200E+01
2630,8.077900E+01
2631,8.077500E+01
2632,8.077200E+01
2633,8.076900E+01
2634,8.076600E+01
2635,8.076300E+01
2636,8.075800E+01
2637,8.075600E+01
2638,8.075200E+01
2639,8.074800E+01
2640,8.074500E+01
2641,8.074100E+01
2642,8.073800E+01
2643,8.073400E+01
2644,8.073100E+01
2645,8.072800E+01
2646,8.072400E+01
2647,8.072000E+01
2648,8.071700E+01
2649,8.071400E+01
2650,8.071000E+01
2651,8.070700E+01
2652,8.070300E+01
2653,8.070000E+01
2654,8.069600E+01
2655,8.069300E+01
2656,8.068900E+01
2657,8.068700E+01
2658,8.068400E+01
2659,8.068100E+01
2660,8.067700E+01
2661,8.067200E+01
2662,8.067000E+01
2663,8.066600E+01
2664,8.066300E+01
2665,8.066000E+01
2666,8.065700E+01
2667,8.065300E+01
2668,8.065000E+01
2669,8.064700E+01
2670,8.064300E+01
2671,8.064000E+01
2672,8.063700E+01
2673,8.063300E+01
2674,8.062900E+01
2675,8.062600E+01
2676,8.062300E+01
2677,8.062000E+01
2678,8.061700E+01
2679,8.061300E+01
2680,8.061000E+01
2681,8.060600E+01
2682,8.060300E+01
2683,8.060000E+01
2684,8.059700E+01
2685,8.059300E+01
2686,8.059000E+01
2687,8.058700E+01
2688,8.058300E+01
2689,8.057900E+01
2690,8.057700E+01
2691,8.057400E+01
2692,8.057000E+01
2693,8.056700E+01
2694,8.056400E+01
2695,8.056000E+01
2696,8.055800E+01
2697,8.055400E+01
2698,8.055000E+01
2699,8.054800E+01
2700,8.054400E+01
2701,8.054100E+01
2702,8.053700E+01
2703,8.053500E+01
2704,8.053200E+01
2705,8.052700E+01
2706,8.052500E+01
2707,8.052200E+01
2708,8.051900E+01
2709,8.051600E+01
2710,8.051200E+01
2711,8.050900E+01
2712,8.050600E+01
2713,8.050300E+01
2714,8.050000E+01
2715,8.049600E+01
2716,8.049400E+01
2717,8.049000E+01
2718,8.048700E+01
2719,8.048500E+01
2720,8.048100E+01
2721,8.047700E+01
2722,8.047400E+01
2723,8.047100E+01
2724,8.046800E+01
2725,8.046600E+01
2726,8.046100E+01
2727,8.045900E+01
2728,8.045600E+01
2729,8.045300E+01
2730,8.044900E+01
2731,8.044600E+01
2732,8.044300E+01
2733,8.043900E+01
2734,8.043600E+01
2735,8.043400E+01
2736,8.043100E+01
2737,8.042700E+01
2738,8.042500E+01
2739,8.042100E+01
2740,8.041800E+01
2741,8.041500E+01
2742,8.041200E+01
2743,8.040800E+01
2744,8.040600E+01
2745,8.040300E+01
2746,8.039900E+01
2747,8.039700E+01
2748,8.039300E+01
2749,8.039000E+01
2750,8.038700E+01
2751,8.038400E+01
2752,8.038100E+01
2753,8.037800E+01
2754,8.037600E+01
2755,8.037200E+01
2756,8.037000E+01
2757,8.036600E+01
2758,8.036200E+01
2759,8.036000E+01
2760,8.035600E+01
2761,8.035300E+01
2762,8.035000E+01
2763,8.034800E+01
2764,8.034400E+01
2765,8.034200E+01
2766,8.033800E+01
2767,8.033500E+01
2768,8.033200E+01
2769,8.032900E+01
2770,8.032700E+01
2771,8.032300E+01
2772,8.032000E+01
2773,8.031700E+01
2774,8.031400E+01